version https://git-lfs.github.com/spec/v1
oid sha256:02688abf8f58e49b8c01be8f57941e4302cc7fd1ddb84e467118faff0be5937e
size 480388
